0.0005779205537274673:1:[2,]
0.05448214106699801:2:[2,3,]
0.08806321414511376:3:[2,3,11,]
0.17696617692481867:4:[2,3,4,11,]
0.18545924632980743:5:[2,3,4,11,13,]
0.2551882802067949:6:[2,3,4,9,11,13,]
0.30659788929104087:7:[2,3,4,8,9,11,13,]
0.3121762439598623:8:[2,3,4,8,9,11,13,15,]
0.3959452670118861:9:[2,3,4,8,9,10,11,13,15,]
0.5158882777388256:10:[2,3,4,8,9,10,11,12,13,15,]
0.6730025266736497:11:[2,3,4,5,8,9,10,11,12,13,15,]
0.699259877343195:12:[2,3,4,5,8,9,10,11,12,13,15,26,]
0.700801968535317:13:[2,3,4,5,8,9,10,11,12,13,15,25,26,]
0.7216854754850569:14:[2,3,4,5,7,8,9,10,11,12,13,15,25,26,]
0.8566803642294768:15:[2,3,4,5,7,8,9,10,11,12,13,15,23,25,26,]
0.9351387077518684:16:[2,3,4,5,7,8,9,10,11,12,13,15,20,23,25,26,]
0.9761925855705267:17:[2,3,4,5,7,8,9,10,11,12,13,15,20,23,25,26,27,]
0.9865935129773561:18:[2,3,4,5,7,8,9,10,11,12,13,14,15,20,23,25,26,27,]
0.9889156516303645:19:[2,3,4,5,7,8,9,10,11,12,13,14,15,20,23,24,25,26,27,]
0.9980534147990094:20:[2,3,4,5,7,8,9,10,11,12,13,14,15,20,21,23,24,25,26,27,]
0.9990138164496936:21:[2,3,4,5,6,7,8,9,10,11,12,13,14,15,20,21,23,24,25,26,27,]
1.0:22:[2,3,4,5,6,7,8,9,10,11,12,13,14,15,17,20,21,23,24,25,26,27,]
1.01:28:[0,1,2,3,4,5,6,7,8,9,10,11,12,13,14,15,16,17,18,19,20,21,22,23,24,25,26,27,]
