2.58896579031945e-05:1:[2,]
0.011511583938294255:2:[2,19,]
0.014833972986906467:3:[2,3,19,]
0.06953554832164767:4:[2,3,7,19,]
0.07841932458090137:5:[2,3,4,7,19,]
0.08863717324868607:6:[2,3,4,7,9,19,]
0.13342209504780705:7:[2,3,4,7,9,19,23,]
0.13738263581860793:8:[2,3,4,7,9,11,19,23,]
0.15922936853509684:9:[2,3,4,7,8,9,11,19,23,]
0.27105850580922075:10:[2,3,4,7,8,9,11,13,19,23,]
0.33824374710750066:11:[2,3,4,7,8,9,11,13,19,23,24,]
0.3734686568104734:12:[2,3,4,7,8,9,11,13,15,19,23,24,]
0.39262591238709793:13:[2,3,4,7,8,9,11,13,15,19,22,23,24,]
0.3952092191768125:14:[2,3,4,7,8,9,10,11,13,15,19,22,23,24,]
0.5087477495428878:15:[2,3,4,7,8,9,10,11,13,15,19,22,23,24,26,]
0.5529478040119579:16:[2,3,4,7,8,9,10,11,13,15,17,19,22,23,24,26,]
0.5986173677853319:17:[2,3,4,7,8,9,10,11,13,14,15,17,19,22,23,24,26,]
0.6714115665722857:18:[2,3,4,6,7,8,9,10,11,13,14,15,17,19,22,23,24,26,]
0.7597700697511668:19:[2,3,4,6,7,8,9,10,11,12,13,14,15,17,19,22,23,24,26,]
0.8954022574664506:20:[2,3,4,6,7,8,9,10,11,12,13,14,15,17,19,21,22,23,24,26,]
0.9841429900148476:21:[2,3,4,6,7,8,9,10,11,12,13,14,15,17,19,21,22,23,24,26,27,]
0.9937147484916606:22:[2,3,4,5,6,7,8,9,10,11,12,13,14,15,17,19,21,22,23,24,26,27,]
0.995852144434758:23:[2,3,4,5,6,7,8,9,10,11,12,13,14,15,17,18,19,21,22,23,24,26,27,]
0.9977344382189112:24:[2,3,4,5,6,7,8,9,10,11,12,13,14,15,17,18,19,20,21,22,23,24,26,27,]
1.01:28:[0,1,2,3,4,5,6,7,8,9,10,11,12,13,14,15,16,17,18,19,20,21,22,23,24,25,26,27,]
