0.0003658176493544651:1:[2,]
0.030718294773602463:2:[2,3,]
0.09187498056983641:3:[2,3,7,]
0.12537273011212616:4:[2,3,7,11,]
0.233519162319708:5:[2,3,7,11,15,]
0.24522283199773867:6:[2,3,7,11,15,22,]
0.3485342042674805:7:[2,3,7,11,15,17,22,]
0.4575662192027901:8:[2,3,7,8,11,15,17,22,]
0.4978437863616616:9:[2,3,7,8,9,11,15,17,22,]
0.6287295650991843:10:[2,3,7,8,9,10,11,15,17,22,]
0.6337261434742347:11:[2,3,7,8,9,10,11,12,15,17,22,]
0.6775106307380029:12:[2,3,7,8,9,10,11,12,15,17,22,23,]
0.7196945500824325:13:[2,3,7,8,9,10,11,12,15,17,22,23,24,]
0.7250963141555402:14:[2,3,7,8,9,10,11,12,15,17,21,22,23,24,]
0.85821017176544:15:[2,3,5,7,8,9,10,11,12,15,17,21,22,23,24,]
0.9042719485479559:16:[2,3,4,5,7,8,9,10,11,12,15,17,21,22,23,24,]
0.9114391014400587:17:[2,3,4,5,7,8,9,10,11,12,15,17,21,22,23,24,26,]
0.9484205840805249:18:[2,3,4,5,7,8,9,10,11,12,13,15,17,21,22,23,24,26,]
0.9622631735291349:19:[2,3,4,5,7,8,9,10,11,12,13,15,17,21,22,23,24,26,27,]
0.9648971614447345:20:[2,3,4,5,7,8,9,10,11,12,13,15,17,20,21,22,23,24,26,27,]
0.9705829333701205:21:[2,3,4,5,7,8,9,10,11,12,13,15,17,18,20,21,22,23,24,26,27,]
0.9940585522388952:22:[2,3,4,5,6,7,8,9,10,11,12,13,15,17,18,20,21,22,23,24,26,27,]
0.9999999878955439:23:[2,3,4,5,6,7,8,9,10,11,12,13,14,15,17,18,20,21,22,23,24,26,27,]
1.01:28:[0,1,2,3,4,5,6,7,8,9,10,11,12,13,14,15,16,17,18,19,20,21,22,23,24,25,26,27,]
