2.5889657903226454e-05:1:[2,]
0.011511583938302731:2:[2,19,]
0.014833972986909697:3:[2,3,19,]
0.06953554832174709:4:[2,3,7,19,]
0.07841932458088935:5:[2,3,4,7,19,]
0.08863717324862383:6:[2,3,4,7,9,19,]
0.1334220950477042:7:[2,3,4,7,9,19,23,]
0.13738263581870033:8:[2,3,4,7,9,11,19,23,]
0.1592293685350536:9:[2,3,4,7,8,9,11,19,23,]
0.2710585058090172:10:[2,3,4,7,8,9,11,13,19,23,]
0.3382437471075481:11:[2,3,4,7,8,9,11,13,19,23,24,]
0.37346865681013136:12:[2,3,4,7,8,9,11,13,15,19,23,24,]
0.3926259123867684:13:[2,3,4,7,8,9,11,13,15,19,22,23,24,]
0.39520921917606244:14:[2,3,4,7,8,9,10,11,13,15,19,22,23,24,]
0.5087477495427873:15:[2,3,4,7,8,9,10,11,13,15,19,22,23,24,26,]
0.5529478040120627:16:[2,3,4,7,8,9,10,11,13,15,17,19,22,23,24,26,]
0.5986173677848977:17:[2,3,4,7,8,9,10,11,13,14,15,17,19,22,23,24,26,]
0.671411566572006:18:[2,3,4,6,7,8,9,10,11,13,14,15,17,19,22,23,24,26,]
0.7597700697507201:19:[2,3,4,6,7,8,9,10,11,12,13,14,15,17,19,22,23,24,26,]
0.8954022574662209:20:[2,3,4,6,7,8,9,10,11,12,13,14,15,17,19,21,22,23,24,26,]
0.9841429900141412:21:[2,3,4,6,7,8,9,10,11,12,13,14,15,17,19,21,22,23,24,26,27,]
0.9937147484927504:22:[2,3,4,5,6,7,8,9,10,11,12,13,14,15,17,19,21,22,23,24,26,27,]
0.9958521444357048:23:[2,3,4,5,6,7,8,9,10,11,12,13,14,15,17,18,19,21,22,23,24,26,27,]
0.9977344382188936:24:[2,3,4,5,6,7,8,9,10,11,12,13,14,15,17,18,19,20,21,22,23,24,26,27,]
1.01:28:[0,1,2,3,4,5,6,7,8,9,10,11,12,13,14,15,16,17,18,19,20,21,22,23,24,25,26,27,]
