0.0005779205537233476:1:[2,]
0.054482141066980884:2:[2,3,]
0.08806321414514036:3:[2,3,11,]
0.1769661769246917:4:[2,3,4,11,]
0.1854592463298961:5:[2,3,4,11,13,]
0.2551882802068451:6:[2,3,4,9,11,13,]
0.306597889291284:7:[2,3,4,8,9,11,13,]
0.31217624395985943:8:[2,3,4,8,9,11,13,15,]
0.3959452670118451:9:[2,3,4,8,9,10,11,13,15,]
0.5158882777394275:10:[2,3,4,8,9,10,11,12,13,15,]
0.6730025266735489:11:[2,3,4,5,8,9,10,11,12,13,15,]
0.6992598773431735:12:[2,3,4,5,8,9,10,11,12,13,15,26,]
0.7008019685353063:13:[2,3,4,5,8,9,10,11,12,13,15,25,26,]
0.7216854754848525:14:[2,3,4,5,7,8,9,10,11,12,13,15,25,26,]
0.8566803642295022:15:[2,3,4,5,7,8,9,10,11,12,13,15,23,25,26,]
0.9351387077516828:16:[2,3,4,5,7,8,9,10,11,12,13,15,20,23,25,26,]
0.9761925855706303:17:[2,3,4,5,7,8,9,10,11,12,13,15,20,23,25,26,27,]
0.9865935129751088:18:[2,3,4,5,7,8,9,10,11,12,13,14,15,20,23,25,26,27,]
0.9889156516297926:19:[2,3,4,5,7,8,9,10,11,12,13,14,15,20,23,24,25,26,27,]
0.9980534147984815:20:[2,3,4,5,7,8,9,10,11,12,13,14,15,20,21,23,24,25,26,27,]
0.9990138164502184:21:[2,3,4,5,6,7,8,9,10,11,12,13,14,15,20,21,23,24,25,26,27,]
1.0:22:[2,3,4,5,6,7,8,9,10,11,12,13,14,15,17,20,21,23,24,25,26,27,]
1.01:28:[0,1,2,3,4,5,6,7,8,9,10,11,12,13,14,15,16,17,18,19,20,21,22,23,24,25,26,27,]
