0.0003658176493612596:1:[2,]
0.030718294773584644:2:[2,3,]
0.0918749805698406:3:[2,3,7,]
0.12537273011222166:4:[2,3,7,11,]
0.2335191623197364:5:[2,3,7,11,15,]
0.24522283199779593:6:[2,3,7,11,15,22,]
0.34853420426749826:7:[2,3,7,11,15,17,22,]
0.4575662192027398:8:[2,3,7,8,11,15,17,22,]
0.4978437863614121:9:[2,3,7,8,9,11,15,17,22,]
0.6287295650990816:10:[2,3,7,8,9,10,11,15,17,22,]
0.6337261434746334:11:[2,3,7,8,9,10,11,12,15,17,22,]
0.6775106307385983:12:[2,3,7,8,9,10,11,12,15,17,22,23,]
0.719694550082708:13:[2,3,7,8,9,10,11,12,15,17,22,23,24,]
0.7250963141557238:14:[2,3,7,8,9,10,11,12,15,17,21,22,23,24,]
0.8582101717654966:15:[2,3,5,7,8,9,10,11,12,15,17,21,22,23,24,]
0.9042719485483585:16:[2,3,4,5,7,8,9,10,11,12,15,17,21,22,23,24,]
0.9114391014400912:17:[2,3,4,5,7,8,9,10,11,12,15,17,21,22,23,24,26,]
0.9484205840812476:18:[2,3,4,5,7,8,9,10,11,12,13,15,17,21,22,23,24,26,]
0.9622631735290325:19:[2,3,4,5,7,8,9,10,11,12,13,15,17,21,22,23,24,26,27,]
0.9648971614448243:20:[2,3,4,5,7,8,9,10,11,12,13,15,17,20,21,22,23,24,26,27,]
0.9705829333702868:21:[2,3,4,5,7,8,9,10,11,12,13,15,17,18,20,21,22,23,24,26,27,]
0.9940585522394277:22:[2,3,4,5,6,7,8,9,10,11,12,13,15,17,18,20,21,22,23,24,26,27,]
0.9999999878960585:23:[2,3,4,5,6,7,8,9,10,11,12,13,14,15,17,18,20,21,22,23,24,26,27,]
1.01:28:[0,1,2,3,4,5,6,7,8,9,10,11,12,13,14,15,16,17,18,19,20,21,22,23,24,25,26,27,]
