0.001967125019069494:1:[0,]
0.10484930764002343:2:[0,12,]
0.11840458583945085:3:[0,10,12,]
0.16613357717228158:4:[0,10,11,12,]
0.24149608737553716:5:[0,3,10,11,12,]
0.2844630123192664:6:[0,2,3,10,11,12,]
0.4565456449728259:7:[0,2,3,7,10,11,12,]
0.5319873140840681:8:[0,1,2,3,7,10,11,12,]
0.5365087214920683:9:[0,1,2,3,6,7,10,11,12,]
0.6473935698161494:10:[0,1,2,3,6,7,10,11,12,14,]
0.6538685236098043:11:[0,1,2,3,4,6,7,10,11,12,14,]
0.7152835324737834:12:[0,1,2,3,4,6,7,9,10,11,12,14,]
0.882084256056898:13:[0,1,2,3,4,6,7,8,9,10,11,12,14,]
0.9312737331780357:14:[0,1,2,3,4,6,7,8,9,10,11,12,14,19,]
0.9407525004010407:15:[0,1,2,3,4,6,7,8,9,10,11,12,14,19,25,]
0.965692107698295:16:[0,1,2,3,4,6,7,8,9,10,11,12,13,14,19,25,]
0.982086645959849:17:[0,1,2,3,4,6,7,8,9,10,11,12,13,14,19,22,25,]
0.9886464449663385:18:[0,1,2,3,4,6,7,8,9,10,11,12,13,14,19,22,23,25,]
0.9953666951299164:19:[0,1,2,3,4,6,7,8,9,10,11,12,13,14,19,20,22,23,25,]
0.996182414795768:20:[0,1,2,3,4,6,7,8,9,10,11,12,13,14,19,20,22,23,25,26,]
0.9979726274444363:21:[0,1,2,3,4,6,7,8,9,10,11,12,13,14,16,19,20,22,23,25,26,]
1.0:22:[0,1,2,3,4,5,6,7,8,9,10,11,12,13,14,16,19,20,22,23,25,26,]
1.01:27:[0,1,2,3,4,5,6,7,8,9,10,11,12,13,14,15,16,17,18,19,20,21,22,23,24,25,26,]
