0.0001448313380845298:1:[0,]
0.009615969093731245:2:[0,1,]
0.17841018675070797:3:[0,1,10,]
0.20506642156605326:4:[0,1,2,10,]
0.24490015057418307:5:[0,1,2,10,14,]
0.2899620987245471:6:[0,1,2,10,14,21,]
0.3550054953911895:7:[0,1,2,6,10,14,21,]
0.3756688226906196:8:[0,1,2,6,10,14,16,21,]
0.6448406857432493:9:[0,1,2,6,10,11,14,16,21,]
0.6859824773411681:10:[0,1,2,6,8,10,11,14,16,21,]
0.7072086651668853:11:[0,1,2,6,7,8,10,11,14,16,21,]
0.7325184400665439:12:[0,1,2,4,6,7,8,10,11,14,16,21,]
0.7451497555871894:13:[0,1,2,4,6,7,8,9,10,11,14,16,21,]
0.8384945563484913:14:[0,1,2,4,6,7,8,9,10,11,14,16,21,23,]
0.8493791248774143:15:[0,1,2,4,6,7,8,9,10,11,14,16,20,21,23,]
0.9012757455933242:16:[0,1,2,3,4,6,7,8,9,10,11,14,16,20,21,23,]
0.9457946810638063:17:[0,1,2,3,4,6,7,8,9,10,11,12,14,16,20,21,23,]
0.9531698014014172:18:[0,1,2,3,4,5,6,7,8,9,10,11,12,14,16,20,21,23,]
0.9594034078044408:19:[0,1,2,3,4,5,6,7,8,9,10,11,12,14,16,20,21,22,23,]
0.9651222991039957:20:[0,1,2,3,4,5,6,7,8,9,10,11,12,14,16,20,21,22,23,26,]
0.9666728923748245:21:[0,1,2,3,4,5,6,7,8,9,10,11,12,14,16,17,20,21,22,23,26,]
0.9850848402345793:22:[0,1,2,3,4,5,6,7,8,9,10,11,12,14,16,17,19,20,21,22,23,26,]
0.9935825357272448:23:[0,1,2,3,4,5,6,7,8,9,10,11,12,14,16,17,19,20,21,22,23,25,26,]
1.0:24:[0,1,2,3,4,5,6,7,8,9,10,11,12,13,14,16,17,19,20,21,22,23,25,26,]
1.01:27:[0,1,2,3,4,5,6,7,8,9,10,11,12,13,14,15,16,17,18,19,20,21,22,23,24,25,26,]
